  time         X         Y          Z         Vx        Vy        Vz
  140.000  1633250.8 -5555284.6  3106790.6  4797.337 -1789.806   523.610
  141.000  1638061.8 -5557077.4  3107314.2  4824.680 -1795.980   523.670
  142.000  1642900.4 -5558876.8  3107837.9  4852.735 -1802.858   523.720
  143.000  1647767.6 -5560683.3  3108361.7  4881.654 -1810.111   523.880
  144.000  1652664.0 -5562497.0  3108885.7  4911.221 -1817.397   524.160
  145.000  1657590.2 -5564318.0  3109410.0  4941.130 -1824.463   524.460
  146.000  1662546.4 -5566145.9  3109934.7  4971.498 -1831.411   525.040
  147.000  1667533.7 -5567980.8  3110460.4  5003.054 -1838.428   526.470
  148.000  1672553.0 -5569823.0  3110987.7  5035.913 -1845.966   528.150
  149.000  1677605.9 -5571672.9  3111516.7  5070.013 -1854.215   529.780
  150.000  1682693.5 -5573531.6  3112047.2  5105.313 -1863.255   531.180
  151.000  1687817.0 -5575399.7  3112579.0  5141.694 -1872.985   532.390
  152.000  1692977.3 -5577277.8  3113111.9  5179.067 -1883.213   533.470
  153.000  1698175.4 -5579166.3  3113645.9  5217.284 -1893.770   534.510
  154.000  1703412.2 -5581065.5  3114181.0  5256.236 -1904.613   535.670
  155.000  1708688.2 -5582975.5  3114717.3  5295.874 -1915.632   536.960
  156.000  1714004.1 -5584896.7  3115255.0  5336.020 -1926.636   538.330
  157.000  1719360.3 -5586828.8  3115794.0  5376.465 -1937.502   539.740
  158.000  1724757.0 -5588771.7  3116334.5  5417.020 -1948.209   541.240
  159.000  1730194.3 -5590725.2  3116876.5  5457.484 -1958.783   542.800
  160.000  1735672.0 -5592689.2  3117420.1  5497.827 -1969.355   544.360
  161.000  1741190.3 -5594664.1  3117965.3  5539.129 -1980.556   546.160
  162.000  1746750.7 -5596650.8  3118512.6  5581.887 -1992.865   548.520
  163.000  1752354.7 -5598650.2  3119062.5  5626.100 -2006.160   551.310
  164.000  1758003.6 -5600663.4  3119615.3  5671.902 -2020.204   554.260
  165.000  1763699.1 -5602690.7  3120171.0  5719.456 -2034.619   557.200
  166.000  1769443.1 -5604732.8  3120729.7  5768.794 -2049.337   560.140
  167.000  1775237.4 -5606789.6  3121291.4  5819.834 -2064.526   563.270
  168.000  1781083.4 -5608862.1  3121856.3  5872.402 -2080.385   566.720
  169.000  1786982.7 -5610950.7  3122424.9  5926.387 -2097.053   570.530
  170.000  1792936.7 -5613056.3  3122997.5  5981.890 -2114.423   574.700
  171.000  1798947.2 -5615179.9  3123574.5  6039.309 -2132.708   579.200
  172.000  1805015.8 -5617321.9  3124156.1  6098.088 -2151.413   584.010
  173.000  1811143.9 -5619482.8  3124742.6  6158.172 -2170.228   589.080
  174.000  1817332.6 -5621662.4  3125334.4  6219.410 -2189.250   594.520
  175.000  1823582.6 -5623861.3  3125931.8  6279.985 -2208.158   600.270
  176.000  1829879.6 -5626073.4  3126533.0  6306.825 -2212.994   601.150
  177.000  1836187.3 -5628283.5  3127132.8  6307.751 -2207.029   598.130
  178.000  1842494.0 -5630487.2  3127729.0  6305.736 -2200.556   594.340
